0.000000000000000000e+00 0.000000000000000000e+00 0.000000000000000000e+00
1.357499999999999929e+00 1.357499999999999929e+00 1.357499999999999929e+00
0.000000000000000000e+00 2.714999999999999858e+00 2.714999999999999858e+00
1.357499999999999929e+00 4.072499999999999787e+00 4.072499999999999787e+00
2.714999999999999858e+00 0.000000000000000000e+00 2.714999999999999858e+00
4.072499999999999787e+00 1.357499999999999929e+00 4.072499999999999787e+00
2.714999999999999858e+00 2.714999999999999858e+00 0.000000000000000000e+00
4.072499999999999787e+00 4.072499999999999787e+00 1.357499999999999929e+00
0.000000000000000000e+00 0.000000000000000000e+00 5.429999999999999716e+00
1.357499999999999929e+00 1.357499999999999929e+00 6.787499999999999645e+00
0.000000000000000000e+00 2.714999999999999858e+00 8.144999999999999574e+00
1.357499999999999929e+00 4.072499999999999787e+00 9.502499999999999503e+00
2.714999999999999858e+00 0.000000000000000000e+00 8.144999999999999574e+00
4.072499999999999787e+00 1.357499999999999929e+00 9.502499999999999503e+00
2.714999999999999858e+00 2.714999999999999858e+00 5.429999999999999716e+00
4.072499999999999787e+00 4.072499999999999787e+00 6.787499999999999645e+00
0.000000000000000000e+00 0.000000000000000000e+00 1.085999999999999943e+01
1.357499999999999929e+00 1.357499999999999929e+00 1.221749999999999936e+01
0.000000000000000000e+00 2.714999999999999858e+00 1.357499999999999929e+01
1.357499999999999929e+00 4.072499999999999787e+00 1.493249999999999922e+01
2.714999999999999858e+00 0.000000000000000000e+00 1.357499999999999929e+01
4.072499999999999787e+00 1.357499999999999929e+00 1.493249999999999922e+01
2.714999999999999858e+00 2.714999999999999858e+00 1.085999999999999943e+01
4.072499999999999787e+00 4.072499999999999787e+00 1.221749999999999936e+01
0.000000000000000000e+00 0.000000000000000000e+00 1.628999999999999915e+01
1.357499999999999929e+00 1.357499999999999929e+00 1.764750000000000085e+01
0.000000000000000000e+00 2.714999999999999858e+00 1.900499999999999901e+01
1.357499999999999929e+00 4.072499999999999787e+00 2.036249999999999716e+01
2.714999999999999858e+00 0.000000000000000000e+00 1.900499999999999901e+01
4.072499999999999787e+00 1.357499999999999929e+00 2.036249999999999716e+01
2.714999999999999858e+00 2.714999999999999858e+00 1.628999999999999915e+01
4.072499999999999787e+00 4.072499999999999787e+00 1.764750000000000085e+01
0.000000000000000000e+00 5.429999999999999716e+00 0.000000000000000000e+00
1.357499999999999929e+00 6.787499999999999645e+00 1.357499999999999929e+00
0.000000000000000000e+00 8.144999999999999574e+00 2.714999999999999858e+00
1.357499999999999929e+00 9.502499999999999503e+00 4.072499999999999787e+00
2.714999999999999858e+00 5.429999999999999716e+00 2.714999999999999858e+00
4.072499999999999787e+00 6.787499999999999645e+00 4.072499999999999787e+00
2.714999999999999858e+00 8.144999999999999574e+00 0.000000000000000000e+00
4.072499999999999787e+00 9.502499999999999503e+00 1.357499999999999929e+00
0.000000000000000000e+00 5.429999999999999716e+00 5.429999999999999716e+00
1.357499999999999929e+00 6.787499999999999645e+00 6.787499999999999645e+00
0.000000000000000000e+00 8.144999999999999574e+00 8.144999999999999574e+00
1.357499999999999929e+00 9.502499999999999503e+00 9.502499999999999503e+00
2.714999999999999858e+00 5.429999999999999716e+00 8.144999999999999574e+00
4.072499999999999787e+00 6.787499999999999645e+00 9.502499999999999503e+00
2.714999999999999858e+00 8.144999999999999574e+00 5.429999999999999716e+00
4.072499999999999787e+00 9.502499999999999503e+00 6.787499999999999645e+00
0.000000000000000000e+00 5.429999999999999716e+00 1.085999999999999943e+01
1.357499999999999929e+00 6.787499999999999645e+00 1.221749999999999936e+01
0.000000000000000000e+00 8.144999999999999574e+00 1.357499999999999929e+01
1.357499999999999929e+00 9.502499999999999503e+00 1.493249999999999922e+01
2.714999999999999858e+00 5.429999999999999716e+00 1.357499999999999929e+01
4.072499999999999787e+00 6.787499999999999645e+00 1.493249999999999922e+01
2.714999999999999858e+00 8.144999999999999574e+00 1.085999999999999943e+01
4.072499999999999787e+00 9.502499999999999503e+00 1.221749999999999936e+01
0.000000000000000000e+00 5.429999999999999716e+00 1.628999999999999915e+01
1.357499999999999929e+00 6.787499999999999645e+00 1.764750000000000085e+01
0.000000000000000000e+00 8.144999999999999574e+00 1.900499999999999901e+01
1.357499999999999929e+00 9.502499999999999503e+00 2.036249999999999716e+01
2.714999999999999858e+00 5.429999999999999716e+00 1.900499999999999901e+01
4.072499999999999787e+00 6.787499999999999645e+00 2.036249999999999716e+01
2.714999999999999858e+00 8.144999999999999574e+00 1.628999999999999915e+01
4.072499999999999787e+00 9.502499999999999503e+00 1.764750000000000085e+01
0.000000000000000000e+00 1.085999999999999943e+01 0.000000000000000000e+00
1.357499999999999929e+00 1.221749999999999936e+01 1.357499999999999929e+00
0.000000000000000000e+00 1.357499999999999929e+01 2.714999999999999858e+00
1.357499999999999929e+00 1.493249999999999922e+01 4.072499999999999787e+00
2.714999999999999858e+00 1.085999999999999943e+01 2.714999999999999858e+00
4.072499999999999787e+00 1.221749999999999936e+01 4.072499999999999787e+00
2.714999999999999858e+00 1.357499999999999929e+01 0.000000000000000000e+00
4.072499999999999787e+00 1.493249999999999922e+01 1.357499999999999929e+00
0.000000000000000000e+00 1.085999999999999943e+01 5.429999999999999716e+00
1.357499999999999929e+00 1.221749999999999936e+01 6.787499999999999645e+00
0.000000000000000000e+00 1.357499999999999929e+01 8.144999999999999574e+00
1.357499999999999929e+00 1.493249999999999922e+01 9.502499999999999503e+00
2.714999999999999858e+00 1.085999999999999943e+01 8.144999999999999574e+00
4.072499999999999787e+00 1.221749999999999936e+01 9.502499999999999503e+00
2.714999999999999858e+00 1.357499999999999929e+01 5.429999999999999716e+00
4.072499999999999787e+00 1.493249999999999922e+01 6.787499999999999645e+00
0.000000000000000000e+00 1.085999999999999943e+01 1.085999999999999943e+01
1.357499999999999929e+00 1.221749999999999936e+01 1.221749999999999936e+01
0.000000000000000000e+00 1.357499999999999929e+01 1.357499999999999929e+01
1.357499999999999929e+00 1.493249999999999922e+01 1.493249999999999922e+01
2.714999999999999858e+00 1.085999999999999943e+01 1.357499999999999929e+01
4.072499999999999787e+00 1.221749999999999936e+01 1.493249999999999922e+01
2.714999999999999858e+00 1.357499999999999929e+01 1.085999999999999943e+01
4.072499999999999787e+00 1.493249999999999922e+01 1.221749999999999936e+01
0.000000000000000000e+00 1.085999999999999943e+01 1.628999999999999915e+01
1.357499999999999929e+00 1.221749999999999936e+01 1.764750000000000085e+01
0.000000000000000000e+00 1.357499999999999929e+01 1.900499999999999901e+01
1.357499999999999929e+00 1.493249999999999922e+01 2.036249999999999716e+01
2.714999999999999858e+00 1.085999999999999943e+01 1.900499999999999901e+01
4.072499999999999787e+00 1.221749999999999936e+01 2.036249999999999716e+01
2.714999999999999858e+00 1.357499999999999929e+01 1.628999999999999915e+01
4.072499999999999787e+00 1.493249999999999922e+01 1.764750000000000085e+01
0.000000000000000000e+00 1.628999999999999915e+01 0.000000000000000000e+00
1.357499999999999929e+00 1.764750000000000085e+01 1.357499999999999929e+00
0.000000000000000000e+00 1.900499999999999901e+01 2.714999999999999858e+00
1.357499999999999929e+00 2.036249999999999716e+01 4.072499999999999787e+00
2.714999999999999858e+00 1.628999999999999915e+01 2.714999999999999858e+00
4.072499999999999787e+00 1.764750000000000085e+01 4.072499999999999787e+00
2.714999999999999858e+00 1.900499999999999901e+01 0.000000000000000000e+00
4.072499999999999787e+00 2.036249999999999716e+01 1.357499999999999929e+00
0.000000000000000000e+00 1.628999999999999915e+01 5.429999999999999716e+00
1.357499999999999929e+00 1.764750000000000085e+01 6.787499999999999645e+00
0.000000000000000000e+00 1.900499999999999901e+01 8.144999999999999574e+00
1.357499999999999929e+00 2.036249999999999716e+01 9.502499999999999503e+00
2.714999999999999858e+00 1.628999999999999915e+01 8.144999999999999574e+00
4.072499999999999787e+00 1.764750000000000085e+01 9.502499999999999503e+00
2.714999999999999858e+00 1.900499999999999901e+01 5.429999999999999716e+00
4.072499999999999787e+00 2.036249999999999716e+01 6.787499999999999645e+00
0.000000000000000000e+00 1.628999999999999915e+01 1.085999999999999943e+01
1.357499999999999929e+00 1.764750000000000085e+01 1.221749999999999936e+01
0.000000000000000000e+00 1.900499999999999901e+01 1.357499999999999929e+01
1.357499999999999929e+00 2.036249999999999716e+01 1.493249999999999922e+01
2.714999999999999858e+00 1.628999999999999915e+01 1.357499999999999929e+01
4.072499999999999787e+00 1.764750000000000085e+01 1.493249999999999922e+01
2.714999999999999858e+00 1.900499999999999901e+01 1.085999999999999943e+01
4.072499999999999787e+00 2.036249999999999716e+01 1.221749999999999936e+01
0.000000000000000000e+00 1.628999999999999915e+01 1.628999999999999915e+01
1.357499999999999929e+00 1.764750000000000085e+01 1.764750000000000085e+01
0.000000000000000000e+00 1.900499999999999901e+01 1.900499999999999901e+01
1.357499999999999929e+00 2.036249999999999716e+01 2.036249999999999716e+01
2.714999999999999858e+00 1.628999999999999915e+01 1.900499999999999901e+01
4.072499999999999787e+00 1.764750000000000085e+01 2.036249999999999716e+01
2.714999999999999858e+00 1.900499999999999901e+01 1.628999999999999915e+01
4.072499999999999787e+00 2.036249999999999716e+01 1.764750000000000085e+01
5.429999999999999716e+00 0.000000000000000000e+00 0.000000000000000000e+00
6.787499999999999645e+00 1.357499999999999929e+00 1.357499999999999929e+00
5.429999999999999716e+00 2.714999999999999858e+00 2.714999999999999858e+00
6.787499999999999645e+00 4.072499999999999787e+00 4.072499999999999787e+00
8.144999999999999574e+00 0.000000000000000000e+00 2.714999999999999858e+00
9.502499999999999503e+00 1.357499999999999929e+00 4.072499999999999787e+00
8.144999999999999574e+00 2.714999999999999858e+00 0.000000000000000000e+00
9.502499999999999503e+00 4.072499999999999787e+00 1.357499999999999929e+00
5.429999999999999716e+00 0.000000000000000000e+00 5.429999999999999716e+00
6.787499999999999645e+00 1.357499999999999929e+00 6.787499999999999645e+00
5.429999999999999716e+00 2.714999999999999858e+00 8.144999999999999574e+00
6.787499999999999645e+00 4.072499999999999787e+00 9.502499999999999503e+00
8.144999999999999574e+00 0.000000000000000000e+00 8.144999999999999574e+00
9.502499999999999503e+00 1.357499999999999929e+00 9.502499999999999503e+00
8.144999999999999574e+00 2.714999999999999858e+00 5.429999999999999716e+00
9.502499999999999503e+00 4.072499999999999787e+00 6.787499999999999645e+00
5.429999999999999716e+00 0.000000000000000000e+00 1.085999999999999943e+01
6.787499999999999645e+00 1.357499999999999929e+00 1.221749999999999936e+01
5.429999999999999716e+00 2.714999999999999858e+00 1.357499999999999929e+01
6.787499999999999645e+00 4.072499999999999787e+00 1.493249999999999922e+01
8.144999999999999574e+00 0.000000000000000000e+00 1.357499999999999929e+01
9.502499999999999503e+00 1.357499999999999929e+00 1.493249999999999922e+01
8.144999999999999574e+00 2.714999999999999858e+00 1.085999999999999943e+01
9.502499999999999503e+00 4.072499999999999787e+00 1.221749999999999936e+01
5.429999999999999716e+00 0.000000000000000000e+00 1.628999999999999915e+01
6.787499999999999645e+00 1.357499999999999929e+00 1.764750000000000085e+01
5.429999999999999716e+00 2.714999999999999858e+00 1.900499999999999901e+01
6.787499999999999645e+00 4.072499999999999787e+00 2.036249999999999716e+01
8.144999999999999574e+00 0.000000000000000000e+00 1.900499999999999901e+01
9.502499999999999503e+00 1.357499999999999929e+00 2.036249999999999716e+01
8.144999999999999574e+00 2.714999999999999858e+00 1.628999999999999915e+01
9.502499999999999503e+00 4.072499999999999787e+00 1.764750000000000085e+01
5.429999999999999716e+00 5.429999999999999716e+00 0.000000000000000000e+00
6.787499999999999645e+00 6.787499999999999645e+00 1.357499999999999929e+00
5.429999999999999716e+00 8.144999999999999574e+00 2.714999999999999858e+00
6.787499999999999645e+00 9.502499999999999503e+00 4.072499999999999787e+00
8.144999999999999574e+00 5.429999999999999716e+00 2.714999999999999858e+00
9.502499999999999503e+00 6.787499999999999645e+00 4.072499999999999787e+00
8.144999999999999574e+00 8.144999999999999574e+00 0.000000000000000000e+00
9.502499999999999503e+00 9.502499999999999503e+00 1.357499999999999929e+00
5.429999999999999716e+00 5.429999999999999716e+00 5.429999999999999716e+00
6.787499999999999645e+00 6.787499999999999645e+00 6.787499999999999645e+00
5.429999999999999716e+00 8.144999999999999574e+00 8.144999999999999574e+00
6.787499999999999645e+00 9.502499999999999503e+00 9.502499999999999503e+00
8.144999999999999574e+00 5.429999999999999716e+00 8.144999999999999574e+00
9.502499999999999503e+00 6.787499999999999645e+00 9.502499999999999503e+00
8.144999999999999574e+00 8.144999999999999574e+00 5.429999999999999716e+00
9.502499999999999503e+00 9.502499999999999503e+00 6.787499999999999645e+00
5.429999999999999716e+00 5.429999999999999716e+00 1.085999999999999943e+01
6.787499999999999645e+00 6.787499999999999645e+00 1.221749999999999936e+01
5.429999999999999716e+00 8.144999999999999574e+00 1.357499999999999929e+01
6.787499999999999645e+00 9.502499999999999503e+00 1.493249999999999922e+01
8.144999999999999574e+00 5.429999999999999716e+00 1.357499999999999929e+01
9.502499999999999503e+00 6.787499999999999645e+00 1.493249999999999922e+01
8.144999999999999574e+00 8.144999999999999574e+00 1.085999999999999943e+01
9.502499999999999503e+00 9.502499999999999503e+00 1.221749999999999936e+01
5.429999999999999716e+00 5.429999999999999716e+00 1.628999999999999915e+01
6.787499999999999645e+00 6.787499999999999645e+00 1.764750000000000085e+01
5.429999999999999716e+00 8.144999999999999574e+00 1.900499999999999901e+01
6.787499999999999645e+00 9.502499999999999503e+00 2.036249999999999716e+01
8.144999999999999574e+00 5.429999999999999716e+00 1.900499999999999901e+01
9.502499999999999503e+00 6.787499999999999645e+00 2.036249999999999716e+01
8.144999999999999574e+00 8.144999999999999574e+00 1.628999999999999915e+01
9.502499999999999503e+00 9.502499999999999503e+00 1.764750000000000085e+01
5.429999999999999716e+00 1.085999999999999943e+01 0.000000000000000000e+00
6.787499999999999645e+00 1.221749999999999936e+01 1.357499999999999929e+00
5.429999999999999716e+00 1.357499999999999929e+01 2.714999999999999858e+00
6.787499999999999645e+00 1.493249999999999922e+01 4.072499999999999787e+00
8.144999999999999574e+00 1.085999999999999943e+01 2.714999999999999858e+00
9.502499999999999503e+00 1.221749999999999936e+01 4.072499999999999787e+00
8.144999999999999574e+00 1.357499999999999929e+01 0.000000000000000000e+00
9.502499999999999503e+00 1.493249999999999922e+01 1.357499999999999929e+00
5.429999999999999716e+00 1.085999999999999943e+01 5.429999999999999716e+00
6.787499999999999645e+00 1.221749999999999936e+01 6.787499999999999645e+00
5.429999999999999716e+00 1.357499999999999929e+01 8.144999999999999574e+00
6.787499999999999645e+00 1.493249999999999922e+01 9.502499999999999503e+00
8.144999999999999574e+00 1.085999999999999943e+01 8.144999999999999574e+00
9.502499999999999503e+00 1.221749999999999936e+01 9.502499999999999503e+00
8.144999999999999574e+00 1.357499999999999929e+01 5.429999999999999716e+00
9.502499999999999503e+00 1.493249999999999922e+01 6.787499999999999645e+00
5.429999999999999716e+00 1.085999999999999943e+01 1.085999999999999943e+01
6.787499999999999645e+00 1.221749999999999936e+01 1.221749999999999936e+01
5.429999999999999716e+00 1.357499999999999929e+01 1.357499999999999929e+01
6.787499999999999645e+00 1.493249999999999922e+01 1.493249999999999922e+01
8.144999999999999574e+00 1.085999999999999943e+01 1.357499999999999929e+01
9.502499999999999503e+00 1.221749999999999936e+01 1.493249999999999922e+01
8.144999999999999574e+00 1.357499999999999929e+01 1.085999999999999943e+01
9.502499999999999503e+00 1.493249999999999922e+01 1.221749999999999936e+01
5.429999999999999716e+00 1.085999999999999943e+01 1.628999999999999915e+01
6.787499999999999645e+00 1.221749999999999936e+01 1.764750000000000085e+01
5.429999999999999716e+00 1.357499999999999929e+01 1.900499999999999901e+01
6.787499999999999645e+00 1.493249999999999922e+01 2.036249999999999716e+01
8.144999999999999574e+00 1.085999999999999943e+01 1.900499999999999901e+01
9.502499999999999503e+00 1.221749999999999936e+01 2.036249999999999716e+01
8.144999999999999574e+00 1.357499999999999929e+01 1.628999999999999915e+01
9.502499999999999503e+00 1.493249999999999922e+01 1.764750000000000085e+01
5.429999999999999716e+00 1.628999999999999915e+01 0.000000000000000000e+00
6.787499999999999645e+00 1.764750000000000085e+01 1.357499999999999929e+00
5.429999999999999716e+00 1.900499999999999901e+01 2.714999999999999858e+00
6.787499999999999645e+00 2.036249999999999716e+01 4.072499999999999787e+00
8.144999999999999574e+00 1.628999999999999915e+01 2.714999999999999858e+00
9.502499999999999503e+00 1.764750000000000085e+01 4.072499999999999787e+00
8.144999999999999574e+00 1.900499999999999901e+01 0.000000000000000000e+00
9.502499999999999503e+00 2.036249999999999716e+01 1.357499999999999929e+00
5.429999999999999716e+00 1.628999999999999915e+01 5.429999999999999716e+00
6.787499999999999645e+00 1.764750000000000085e+01 6.787499999999999645e+00
5.429999999999999716e+00 1.900499999999999901e+01 8.144999999999999574e+00
6.787499999999999645e+00 2.036249999999999716e+01 9.502499999999999503e+00
8.144999999999999574e+00 1.628999999999999915e+01 8.144999999999999574e+00
9.502499999999999503e+00 1.764750000000000085e+01 9.502499999999999503e+00
8.144999999999999574e+00 1.900499999999999901e+01 5.429999999999999716e+00
9.502499999999999503e+00 2.036249999999999716e+01 6.787499999999999645e+00
5.429999999999999716e+00 1.628999999999999915e+01 1.085999999999999943e+01
6.787499999999999645e+00 1.764750000000000085e+01 1.221749999999999936e+01
5.429999999999999716e+00 1.900499999999999901e+01 1.357499999999999929e+01
6.787499999999999645e+00 2.036249999999999716e+01 1.493249999999999922e+01
8.144999999999999574e+00 1.628999999999999915e+01 1.357499999999999929e+01
9.502499999999999503e+00 1.764750000000000085e+01 1.493249999999999922e+01
8.144999999999999574e+00 1.900499999999999901e+01 1.085999999999999943e+01
9.502499999999999503e+00 2.036249999999999716e+01 1.221749999999999936e+01
5.429999999999999716e+00 1.628999999999999915e+01 1.628999999999999915e+01
6.787499999999999645e+00 1.764750000000000085e+01 1.764750000000000085e+01
5.429999999999999716e+00 1.900499999999999901e+01 1.900499999999999901e+01
6.787499999999999645e+00 2.036249999999999716e+01 2.036249999999999716e+01
8.144999999999999574e+00 1.628999999999999915e+01 1.900499999999999901e+01
9.502499999999999503e+00 1.764750000000000085e+01 2.036249999999999716e+01
8.144999999999999574e+00 1.900499999999999901e+01 1.628999999999999915e+01
9.502499999999999503e+00 2.036249999999999716e+01 1.764750000000000085e+01
1.085999999999999943e+01 0.000000000000000000e+00 0.000000000000000000e+00
1.221749999999999936e+01 1.357499999999999929e+00 1.357499999999999929e+00
1.085999999999999943e+01 2.714999999999999858e+00 2.714999999999999858e+00
1.221749999999999936e+01 4.072499999999999787e+00 4.072499999999999787e+00
1.357499999999999929e+01 0.000000000000000000e+00 2.714999999999999858e+00
1.493249999999999922e+01 1.357499999999999929e+00 4.072499999999999787e+00
1.357499999999999929e+01 2.714999999999999858e+00 0.000000000000000000e+00
1.493249999999999922e+01 4.072499999999999787e+00 1.357499999999999929e+00
1.085999999999999943e+01 0.000000000000000000e+00 5.429999999999999716e+00
1.221749999999999936e+01 1.357499999999999929e+00 6.787499999999999645e+00
1.085999999999999943e+01 2.714999999999999858e+00 8.144999999999999574e+00
1.221749999999999936e+01 4.072499999999999787e+00 9.502499999999999503e+00
1.357499999999999929e+01 0.000000000000000000e+00 8.144999999999999574e+00
1.493249999999999922e+01 1.357499999999999929e+00 9.502499999999999503e+00
1.357499999999999929e+01 2.714999999999999858e+00 5.429999999999999716e+00
1.493249999999999922e+01 4.072499999999999787e+00 6.787499999999999645e+00
1.085999999999999943e+01 0.000000000000000000e+00 1.085999999999999943e+01
1.221749999999999936e+01 1.357499999999999929e+00 1.221749999999999936e+01
1.085999999999999943e+01 2.714999999999999858e+00 1.357499999999999929e+01
1.221749999999999936e+01 4.072499999999999787e+00 1.493249999999999922e+01
1.357499999999999929e+01 0.000000000000000000e+00 1.357499999999999929e+01
1.493249999999999922e+01 1.357499999999999929e+00 1.493249999999999922e+01
1.357499999999999929e+01 2.714999999999999858e+00 1.085999999999999943e+01
1.493249999999999922e+01 4.072499999999999787e+00 1.221749999999999936e+01
1.085999999999999943e+01 0.000000000000000000e+00 1.628999999999999915e+01
1.221749999999999936e+01 1.357499999999999929e+00 1.764750000000000085e+01
1.085999999999999943e+01 2.714999999999999858e+00 1.900499999999999901e+01
1.221749999999999936e+01 4.072499999999999787e+00 2.036249999999999716e+01
1.357499999999999929e+01 0.000000000000000000e+00 1.900499999999999901e+01
1.493249999999999922e+01 1.357499999999999929e+00 2.036249999999999716e+01
1.357499999999999929e+01 2.714999999999999858e+00 1.628999999999999915e+01
1.493249999999999922e+01 4.072499999999999787e+00 1.764750000000000085e+01
1.085999999999999943e+01 5.429999999999999716e+00 0.000000000000000000e+00
1.221749999999999936e+01 6.787499999999999645e+00 1.357499999999999929e+00
1.085999999999999943e+01 8.144999999999999574e+00 2.714999999999999858e+00
1.221749999999999936e+01 9.502499999999999503e+00 4.072499999999999787e+00
1.357499999999999929e+01 5.429999999999999716e+00 2.714999999999999858e+00
1.493249999999999922e+01 6.787499999999999645e+00 4.072499999999999787e+00
1.357499999999999929e+01 8.144999999999999574e+00 0.000000000000000000e+00
1.493249999999999922e+01 9.502499999999999503e+00 1.357499999999999929e+00
1.085999999999999943e+01 5.429999999999999716e+00 5.429999999999999716e+00
1.221749999999999936e+01 6.787499999999999645e+00 6.787499999999999645e+00
1.085999999999999943e+01 8.144999999999999574e+00 8.144999999999999574e+00
1.221749999999999936e+01 9.502499999999999503e+00 9.502499999999999503e+00
1.357499999999999929e+01 5.429999999999999716e+00 8.144999999999999574e+00
1.493249999999999922e+01 6.787499999999999645e+00 9.502499999999999503e+00
1.357499999999999929e+01 8.144999999999999574e+00 5.429999999999999716e+00
1.493249999999999922e+01 9.502499999999999503e+00 6.787499999999999645e+00
1.085999999999999943e+01 5.429999999999999716e+00 1.085999999999999943e+01
1.221749999999999936e+01 6.787499999999999645e+00 1.221749999999999936e+01
1.085999999999999943e+01 8.144999999999999574e+00 1.357499999999999929e+01
1.221749999999999936e+01 9.502499999999999503e+00 1.493249999999999922e+01
1.357499999999999929e+01 5.429999999999999716e+00 1.357499999999999929e+01
1.493249999999999922e+01 6.787499999999999645e+00 1.493249999999999922e+01
1.357499999999999929e+01 8.144999999999999574e+00 1.085999999999999943e+01
1.493249999999999922e+01 9.502499999999999503e+00 1.221749999999999936e+01
1.085999999999999943e+01 5.429999999999999716e+00 1.628999999999999915e+01
1.221749999999999936e+01 6.787499999999999645e+00 1.764750000000000085e+01
1.085999999999999943e+01 8.144999999999999574e+00 1.900499999999999901e+01
1.221749999999999936e+01 9.502499999999999503e+00 2.036249999999999716e+01
1.357499999999999929e+01 5.429999999999999716e+00 1.900499999999999901e+01
1.493249999999999922e+01 6.787499999999999645e+00 2.036249999999999716e+01
1.357499999999999929e+01 8.144999999999999574e+00 1.628999999999999915e+01
1.493249999999999922e+01 9.502499999999999503e+00 1.764750000000000085e+01
1.085999999999999943e+01 1.085999999999999943e+01 0.000000000000000000e+00
1.221749999999999936e+01 1.221749999999999936e+01 1.357499999999999929e+00
1.085999999999999943e+01 1.357499999999999929e+01 2.714999999999999858e+00
1.221749999999999936e+01 1.493249999999999922e+01 4.072499999999999787e+00
1.357499999999999929e+01 1.085999999999999943e+01 2.714999999999999858e+00
1.493249999999999922e+01 1.221749999999999936e+01 4.072499999999999787e+00
1.357499999999999929e+01 1.357499999999999929e+01 0.000000000000000000e+00
1.493249999999999922e+01 1.493249999999999922e+01 1.357499999999999929e+00
1.085999999999999943e+01 1.085999999999999943e+01 5.429999999999999716e+00
1.221749999999999936e+01 1.221749999999999936e+01 6.787499999999999645e+00
1.085999999999999943e+01 1.357499999999999929e+01 8.144999999999999574e+00
1.221749999999999936e+01 1.493249999999999922e+01 9.502499999999999503e+00
1.357499999999999929e+01 1.085999999999999943e+01 8.144999999999999574e+00
1.493249999999999922e+01 1.221749999999999936e+01 9.502499999999999503e+00
1.357499999999999929e+01 1.357499999999999929e+01 5.429999999999999716e+00
1.493249999999999922e+01 1.493249999999999922e+01 6.787499999999999645e+00
1.085999999999999943e+01 1.085999999999999943e+01 1.085999999999999943e+01
1.221749999999999936e+01 1.221749999999999936e+01 1.221749999999999936e+01
1.085999999999999943e+01 1.357499999999999929e+01 1.357499999999999929e+01
1.221749999999999936e+01 1.493249999999999922e+01 1.493249999999999922e+01
1.357499999999999929e+01 1.085999999999999943e+01 1.357499999999999929e+01
1.493249999999999922e+01 1.221749999999999936e+01 1.493249999999999922e+01
1.357499999999999929e+01 1.357499999999999929e+01 1.085999999999999943e+01
1.493249999999999922e+01 1.493249999999999922e+01 1.221749999999999936e+01
1.085999999999999943e+01 1.085999999999999943e+01 1.628999999999999915e+01
1.221749999999999936e+01 1.221749999999999936e+01 1.764750000000000085e+01
1.085999999999999943e+01 1.357499999999999929e+01 1.900499999999999901e+01
1.221749999999999936e+01 1.493249999999999922e+01 2.036249999999999716e+01
1.357499999999999929e+01 1.085999999999999943e+01 1.900499999999999901e+01
1.493249999999999922e+01 1.221749999999999936e+01 2.036249999999999716e+01
1.357499999999999929e+01 1.357499999999999929e+01 1.628999999999999915e+01
1.493249999999999922e+01 1.493249999999999922e+01 1.764750000000000085e+01
1.085999999999999943e+01 1.628999999999999915e+01 0.000000000000000000e+00
1.221749999999999936e+01 1.764750000000000085e+01 1.357499999999999929e+00
1.085999999999999943e+01 1.900499999999999901e+01 2.714999999999999858e+00
1.221749999999999936e+01 2.036249999999999716e+01 4.072499999999999787e+00
1.357499999999999929e+01 1.628999999999999915e+01 2.714999999999999858e+00
1.493249999999999922e+01 1.764750000000000085e+01 4.072499999999999787e+00
1.357499999999999929e+01 1.900499999999999901e+01 0.000000000000000000e+00
1.493249999999999922e+01 2.036249999999999716e+01 1.357499999999999929e+00
1.085999999999999943e+01 1.628999999999999915e+01 5.429999999999999716e+00
1.221749999999999936e+01 1.764750000000000085e+01 6.787499999999999645e+00
1.085999999999999943e+01 1.900499999999999901e+01 8.144999999999999574e+00
1.221749999999999936e+01 2.036249999999999716e+01 9.502499999999999503e+00
1.357499999999999929e+01 1.628999999999999915e+01 8.144999999999999574e+00
1.493249999999999922e+01 1.764750000000000085e+01 9.502499999999999503e+00
1.357499999999999929e+01 1.900499999999999901e+01 5.429999999999999716e+00
1.493249999999999922e+01 2.036249999999999716e+01 6.787499999999999645e+00
1.085999999999999943e+01 1.628999999999999915e+01 1.085999999999999943e+01
1.221749999999999936e+01 1.764750000000000085e+01 1.221749999999999936e+01
1.085999999999999943e+01 1.900499999999999901e+01 1.357499999999999929e+01
1.221749999999999936e+01 2.036249999999999716e+01 1.493249999999999922e+01
1.357499999999999929e+01 1.628999999999999915e+01 1.357499999999999929e+01
1.493249999999999922e+01 1.764750000000000085e+01 1.493249999999999922e+01
1.357499999999999929e+01 1.900499999999999901e+01 1.085999999999999943e+01
1.493249999999999922e+01 2.036249999999999716e+01 1.221749999999999936e+01
1.085999999999999943e+01 1.628999999999999915e+01 1.628999999999999915e+01
1.221749999999999936e+01 1.764750000000000085e+01 1.764750000000000085e+01
1.085999999999999943e+01 1.900499999999999901e+01 1.900499999999999901e+01
1.221749999999999936e+01 2.036249999999999716e+01 2.036249999999999716e+01
1.357499999999999929e+01 1.628999999999999915e+01 1.900499999999999901e+01
1.493249999999999922e+01 1.764750000000000085e+01 2.036249999999999716e+01
1.357499999999999929e+01 1.900499999999999901e+01 1.628999999999999915e+01
1.493249999999999922e+01 2.036249999999999716e+01 1.764750000000000085e+01
1.628999999999999915e+01 0.000000000000000000e+00 0.000000000000000000e+00
1.764750000000000085e+01 1.357499999999999929e+00 1.357499999999999929e+00
1.628999999999999915e+01 2.714999999999999858e+00 2.714999999999999858e+00
1.764750000000000085e+01 4.072499999999999787e+00 4.072499999999999787e+00
1.900499999999999901e+01 0.000000000000000000e+00 2.714999999999999858e+00
2.036249999999999716e+01 1.357499999999999929e+00 4.072499999999999787e+00
1.900499999999999901e+01 2.714999999999999858e+00 0.000000000000000000e+00
2.036249999999999716e+01 4.072499999999999787e+00 1.357499999999999929e+00
1.628999999999999915e+01 0.000000000000000000e+00 5.429999999999999716e+00
1.764750000000000085e+01 1.357499999999999929e+00 6.787499999999999645e+00
1.628999999999999915e+01 2.714999999999999858e+00 8.144999999999999574e+00
1.764750000000000085e+01 4.072499999999999787e+00 9.502499999999999503e+00
1.900499999999999901e+01 0.000000000000000000e+00 8.144999999999999574e+00
2.036249999999999716e+01 1.357499999999999929e+00 9.502499999999999503e+00
1.900499999999999901e+01 2.714999999999999858e+00 5.429999999999999716e+00
2.036249999999999716e+01 4.072499999999999787e+00 6.787499999999999645e+00
1.628999999999999915e+01 0.000000000000000000e+00 1.085999999999999943e+01
1.764750000000000085e+01 1.357499999999999929e+00 1.221749999999999936e+01
1.628999999999999915e+01 2.714999999999999858e+00 1.357499999999999929e+01
1.764750000000000085e+01 4.072499999999999787e+00 1.493249999999999922e+01
1.900499999999999901e+01 0.000000000000000000e+00 1.357499999999999929e+01
2.036249999999999716e+01 1.357499999999999929e+00 1.493249999999999922e+01
1.900499999999999901e+01 2.714999999999999858e+00 1.085999999999999943e+01
2.036249999999999716e+01 4.072499999999999787e+00 1.221749999999999936e+01
1.628999999999999915e+01 0.000000000000000000e+00 1.628999999999999915e+01
1.764750000000000085e+01 1.357499999999999929e+00 1.764750000000000085e+01
1.628999999999999915e+01 2.714999999999999858e+00 1.900499999999999901e+01
1.764750000000000085e+01 4.072499999999999787e+00 2.036249999999999716e+01
1.900499999999999901e+01 0.000000000000000000e+00 1.900499999999999901e+01
2.036249999999999716e+01 1.357499999999999929e+00 2.036249999999999716e+01
1.900499999999999901e+01 2.714999999999999858e+00 1.628999999999999915e+01
2.036249999999999716e+01 4.072499999999999787e+00 1.764750000000000085e+01
1.628999999999999915e+01 5.429999999999999716e+00 0.000000000000000000e+00
1.764750000000000085e+01 6.787499999999999645e+00 1.357499999999999929e+00
1.628999999999999915e+01 8.144999999999999574e+00 2.714999999999999858e+00
1.764750000000000085e+01 9.502499999999999503e+00 4.072499999999999787e+00
1.900499999999999901e+01 5.429999999999999716e+00 2.714999999999999858e+00
2.036249999999999716e+01 6.787499999999999645e+00 4.072499999999999787e+00
1.900499999999999901e+01 8.144999999999999574e+00 0.000000000000000000e+00
2.036249999999999716e+01 9.502499999999999503e+00 1.357499999999999929e+00
1.628999999999999915e+01 5.429999999999999716e+00 5.429999999999999716e+00
1.764750000000000085e+01 6.787499999999999645e+00 6.787499999999999645e+00
1.628999999999999915e+01 8.144999999999999574e+00 8.144999999999999574e+00
1.764750000000000085e+01 9.502499999999999503e+00 9.502499999999999503e+00
1.900499999999999901e+01 5.429999999999999716e+00 8.144999999999999574e+00
2.036249999999999716e+01 6.787499999999999645e+00 9.502499999999999503e+00
1.900499999999999901e+01 8.144999999999999574e+00 5.429999999999999716e+00
2.036249999999999716e+01 9.502499999999999503e+00 6.787499999999999645e+00
1.628999999999999915e+01 5.429999999999999716e+00 1.085999999999999943e+01
1.764750000000000085e+01 6.787499999999999645e+00 1.221749999999999936e+01
1.628999999999999915e+01 8.144999999999999574e+00 1.357499999999999929e+01
1.764750000000000085e+01 9.502499999999999503e+00 1.493249999999999922e+01
1.900499999999999901e+01 5.429999999999999716e+00 1.357499999999999929e+01
2.036249999999999716e+01 6.787499999999999645e+00 1.493249999999999922e+01
1.900499999999999901e+01 8.144999999999999574e+00 1.085999999999999943e+01
2.036249999999999716e+01 9.502499999999999503e+00 1.221749999999999936e+01
1.628999999999999915e+01 5.429999999999999716e+00 1.628999999999999915e+01
1.764750000000000085e+01 6.787499999999999645e+00 1.764750000000000085e+01
1.628999999999999915e+01 8.144999999999999574e+00 1.900499999999999901e+01
1.764750000000000085e+01 9.502499999999999503e+00 2.036249999999999716e+01
1.900499999999999901e+01 5.429999999999999716e+00 1.900499999999999901e+01
2.036249999999999716e+01 6.787499999999999645e+00 2.036249999999999716e+01
1.900499999999999901e+01 8.144999999999999574e+00 1.628999999999999915e+01
2.036249999999999716e+01 9.502499999999999503e+00 1.764750000000000085e+01
1.628999999999999915e+01 1.085999999999999943e+01 0.000000000000000000e+00
1.764750000000000085e+01 1.221749999999999936e+01 1.357499999999999929e+00
1.628999999999999915e+01 1.357499999999999929e+01 2.714999999999999858e+00
1.764750000000000085e+01 1.493249999999999922e+01 4.072499999999999787e+00
1.900499999999999901e+01 1.085999999999999943e+01 2.714999999999999858e+00
2.036249999999999716e+01 1.221749999999999936e+01 4.072499999999999787e+00
1.900499999999999901e+01 1.357499999999999929e+01 0.000000000000000000e+00
2.036249999999999716e+01 1.493249999999999922e+01 1.357499999999999929e+00
1.628999999999999915e+01 1.085999999999999943e+01 5.429999999999999716e+00
1.764750000000000085e+01 1.221749999999999936e+01 6.787499999999999645e+00
1.628999999999999915e+01 1.357499999999999929e+01 8.144999999999999574e+00
1.764750000000000085e+01 1.493249999999999922e+01 9.502499999999999503e+00
1.900499999999999901e+01 1.085999999999999943e+01 8.144999999999999574e+00
2.036249999999999716e+01 1.221749999999999936e+01 9.502499999999999503e+00
1.900499999999999901e+01 1.357499999999999929e+01 5.429999999999999716e+00
2.036249999999999716e+01 1.493249999999999922e+01 6.787499999999999645e+00
1.628999999999999915e+01 1.085999999999999943e+01 1.085999999999999943e+01
1.764750000000000085e+01 1.221749999999999936e+01 1.221749999999999936e+01
1.628999999999999915e+01 1.357499999999999929e+01 1.357499999999999929e+01
1.764750000000000085e+01 1.493249999999999922e+01 1.493249999999999922e+01
1.900499999999999901e+01 1.085999999999999943e+01 1.357499999999999929e+01
2.036249999999999716e+01 1.221749999999999936e+01 1.493249999999999922e+01
1.900499999999999901e+01 1.357499999999999929e+01 1.085999999999999943e+01
2.036249999999999716e+01 1.493249999999999922e+01 1.221749999999999936e+01
1.628999999999999915e+01 1.085999999999999943e+01 1.628999999999999915e+01
1.764750000000000085e+01 1.221749999999999936e+01 1.764750000000000085e+01
1.628999999999999915e+01 1.357499999999999929e+01 1.900499999999999901e+01
1.764750000000000085e+01 1.493249999999999922e+01 2.036249999999999716e+01
1.900499999999999901e+01 1.085999999999999943e+01 1.900499999999999901e+01
2.036249999999999716e+01 1.221749999999999936e+01 2.036249999999999716e+01
1.900499999999999901e+01 1.357499999999999929e+01 1.628999999999999915e+01
2.036249999999999716e+01 1.493249999999999922e+01 1.764750000000000085e+01
1.628999999999999915e+01 1.628999999999999915e+01 0.000000000000000000e+00
1.764750000000000085e+01 1.764750000000000085e+01 1.357499999999999929e+00
1.628999999999999915e+01 1.900499999999999901e+01 2.714999999999999858e+00
1.764750000000000085e+01 2.036249999999999716e+01 4.072499999999999787e+00
1.900499999999999901e+01 1.628999999999999915e+01 2.714999999999999858e+00
2.036249999999999716e+01 1.764750000000000085e+01 4.072499999999999787e+00
1.900499999999999901e+01 1.900499999999999901e+01 0.000000000000000000e+00
2.036249999999999716e+01 2.036249999999999716e+01 1.357499999999999929e+00
1.628999999999999915e+01 1.628999999999999915e+01 5.429999999999999716e+00
1.764750000000000085e+01 1.764750000000000085e+01 6.787499999999999645e+00
1.628999999999999915e+01 1.900499999999999901e+01 8.144999999999999574e+00
1.764750000000000085e+01 2.036249999999999716e+01 9.502499999999999503e+00
1.900499999999999901e+01 1.628999999999999915e+01 8.144999999999999574e+00
2.036249999999999716e+01 1.764750000000000085e+01 9.502499999999999503e+00
1.900499999999999901e+01 1.900499999999999901e+01 5.429999999999999716e+00
2.036249999999999716e+01 2.036249999999999716e+01 6.787499999999999645e+00
1.628999999999999915e+01 1.628999999999999915e+01 1.085999999999999943e+01
1.764750000000000085e+01 1.764750000000000085e+01 1.221749999999999936e+01
1.628999999999999915e+01 1.900499999999999901e+01 1.357499999999999929e+01
1.764750000000000085e+01 2.036249999999999716e+01 1.493249999999999922e+01
1.900499999999999901e+01 1.628999999999999915e+01 1.357499999999999929e+01
2.036249999999999716e+01 1.764750000000000085e+01 1.493249999999999922e+01
1.900499999999999901e+01 1.900499999999999901e+01 1.085999999999999943e+01
2.036249999999999716e+01 2.036249999999999716e+01 1.221749999999999936e+01
1.628999999999999915e+01 1.628999999999999915e+01 1.628999999999999915e+01
1.764750000000000085e+01 1.764750000000000085e+01 1.764750000000000085e+01
1.628999999999999915e+01 1.900499999999999901e+01 1.900499999999999901e+01
1.764750000000000085e+01 2.036249999999999716e+01 2.036249999999999716e+01
1.900499999999999901e+01 1.628999999999999915e+01 1.900499999999999901e+01
2.036249999999999716e+01 1.764750000000000085e+01 2.036249999999999716e+01
1.900499999999999901e+01 1.900499999999999901e+01 1.628999999999999915e+01
2.036249999999999716e+01 2.036249999999999716e+01 1.764750000000000085e+01
